CFGAPOW=0.77304
CFGQPED=2.0
CFGPTAR=0.08005
